0.0 0.0
-0.28348164316613383 0.3302159081751582
0.06587781140222748 0.33772640479761384
0.0018368047910920782 0.5056533178807255
-0.3655169898027314 1.4888813124684663
0.39571014093283774 1.5301109319326536
1.1740516718257377 1.6372826946273071
2.0568720461174776 1.7387305864254063
2.8873094365845717 1.7285824842627722
3.602430904125505 1.7128837159627253
4.404459673407099 1.6048311392182568
5.187594098090446 1.6149250436218703
6.059098584487796 1.74039792944473
7.115578091007025 1.7143209138542201
7.549017933526633 1.2893020791684056
8.177525770858095 0.564071072067848
8.373942914880562 -0.1967250292245275
8.487838100366254 -1.0696800572752192
8.874851344154214 -1.4738891474005982
9.113875976790181 -2.1938165054113874
9.445673974094712 -2.89306184242017
9.77026006238346 -3.5915417721657663
10.041093298169251 -4.346473652299233
10.289124463492259 -5.07046427837777
10.491861331134688 -5.787036352750423
10.734044965530394 -6.5282510213674065
11.113672671734067 -7.2371404399323245
11.469951783407133 -7.9045673155749006
11.81449655682746 -8.54986639318273
12.17197997823226 -9.258403596262882
12.546200042307566 -9.98287015360104
12.909248120397288 -10.67244517786993
13.157180832109729 -11.401857961802476
13.262031160728087 -12.296468960604813
13.60896995505108 -13.282155228900653
13.198273538817954 -12.68577975566797
12.622407298601308 -11.840295438398414
12.884386147455524 -12.62020482025594
13.23318495862803 -13.35561014018953
13.573886531864105 -14.084046134022
14.015816601428611 -14.78772002996918
14.444322331272206 -15.496914189004222
14.846564797785613 -16.21160190891403
15.232816177143388 -16.895182380209345
15.54787111399279 -17.62727624428499
15.878892180942168 -18.3346750716983
16.275775363934592 -19.127659397026964
16.684058600166697 -19.88705264400923
17.14543802218588 -20.60930045344063
17.687168717352698 -21.318481440746403
18.240202044965066 -21.985781680347266
18.704538945718742 -22.667726078410283
19.23341313635146 -23.50412900172836
18.740223878793774 -22.987891320329823
18.158491755698048 -22.2635950855692
18.602902836824693 -22.882325241886694
19.078186888486517 -23.515732291226296
19.608257030319173 -24.173903469089694
20.1831882953817 -24.758807588164718
20.76141522052332 -25.384540049718154
21.25080389008834 -26.067862242346237
21.748494931986215 -26.74872264809212
22.32656585090061 -27.371998472083156
22.921566610409243 -27.850320227635564
23.711808917416462 -28.29258098886035
24.404219190443598 -28.65093710765084
25.39947855953682 -29.084738968247496
26.031469333311644 -29.07477895742672
26.915462734832968 -28.529551350051783
27.448344299774128 -28.072552658377226
28.055603276328334 -27.376464007686234
28.474071298834208 -26.815504391687558
28.90191516338568 -26.08924232937366
29.292019352597787 -25.41127312914048
29.52795942619336 -24.710638355234387
29.760851769455616 -23.97412714475918
29.996395684470365 -23.265734490279478
30.209194459841108 -22.601369881348965
30.433957091006825 -21.978288536820475
30.81475868080357 -21.222268390146887
31.288111819204065 -20.73292980837737
31.892831024214974 -20.2070488945793
32.35637329229391 -19.79547577476821
33.20713218568855 -19.266695648943987
33.97628844108726 -19.194477819417354
34.844634986353974 -19.17722534268898
35.66812412070289 -19.09989399917797
36.495379625379044 -19.010835577078776
37.28330230578268 -18.93096145142412
38.19425192264636 -18.947968985582765
38.81918088212689 -19.1266136464589
39.67111206597115 -19.62806461364483
40.247589630563844 -20.098894207155283
40.86795237772077 -20.78376588392541
41.357587939735986 -21.44790964059617
41.89118026433674 -22.227838492854655
42.31366559336229 -22.99283763229
42.709005772960595 -23.745790417162
43.015899292272316 -24.588048955350775
43.35577705637386 -25.389507696513835
43.81637311314676 -26.22629041534323
44.241461365281076 -26.961816845152338
44.76130922415533 -27.725432294649412
45.30394310998762 -28.42654724087125
45.956393239735185 -29.293739014902865
46.46104814995198 -29.51852528444193
47.354370777448935 -29.059642093357656
48.02976695094661 -28.60402839235744
48.593887138747824 -28.065848827744574
49.05936820081297 -27.568423410952313
49.50644269802379 -26.973023645875394
49.909276240284186 -26.400783480209824
50.36212117636245 -25.811579877725496
50.845600334264645 -25.218629844228495
51.32568738664162 -24.232213519022977
50.98883511759232 -24.842470590511805
50.74763605613615 -24.930812824005553
51.15164086907793 -24.342520949705545
51.49437820581974 -23.68690272072477
51.85355504046041 -23.005862523468835
52.31659519455621 -22.419387380199414
52.723364375087314 -21.879603369653147
53.02054036854254 -21.219254342074372
53.312183714399964 -20.528381438439965
53.61963548777931 -19.83931974432126
53.90349884173195 -19.16490761280168
54.25648827964246 -18.45960791697862
54.61200609153926 -17.763925540387547
54.87113440916703 -16.995037950274718
55.0784249690202 -16.292078294513235
55.24873502489271 -15.547657460317371
55.44741181215879 -14.805241424837634
55.822675040914845 -13.77328777007633
55.67037841738804 -14.496901915704576
55.65266966247412 -15.306678691077169
55.88939618573305 -14.634099960262773
56.00451893727343 -13.892569499926362
56.10156473571349 -13.137176554327963
56.314858136933836 -12.394555972607618
56.51918163079002 -11.72046941718814
56.71625552375189 -11.025845590523911
56.899858798534616 -10.301207952764416
56.96508782893089 -9.577722117421667
56.98860618363253 -8.898483284567183
57.01409483660051 -8.202422288848107
57.036083926425036 -7.476905671051789
57.111058809053425 -6.752288840653106
57.1884566597682 -5.977814708876123
57.19347314479176 -5.156938525983146
57.20905513964954 -4.396900356926141
57.298401499909005 -3.576847687062565
57.31006470250805 -2.8595163175355944
57.28560484490092 -2.103668494660355
57.31322961188994 -1.3142786058184024
57.275090219003 -0.6205563386518421
57.323677228044524 0.15635820372860354
57.56881491768119 0.5839715956898506
58.29289781779629 1.2484180862003211
58.83894559431706 1.5497603223853595
59.645131487394345 1.8733784874018111
60.392271845885475 1.9425940290000285
61.191527093664384 2.0072145493956586
62.04452200900634 2.052778662644965
62.885210650751134 2.0875088689225163
63.7414365628448 2.2114231053029254
64.61399467893222 2.408056079980433
65.50304193630845 2.6156661078777983
66.43540701872635 2.7778789750101898
67.3607327897634 2.9350735174180858
68.22114091703683 3.1223204780023366
69.10992837349083 3.2320169346282226
69.88010166149867 3.1987279205960464
68.83604281285712 3.0135514954424885
