0.0 0.0
-0.27047518905968426 -1.0561501145876506
0.2546679560401963 -1.5426618336548192
-0.31282559797931997 -2.4030075111872082
-0.951069543751953 -3.1065950815955294
-1.6451760910586786 -3.5426398922873545
-2.2999406751084774 -3.972779029041518
-3.043542360290091 -4.341286931647678
-3.5339809868927414 -4.722620983101159
-4.299022931919581 -5.086147836013675
-4.97327186383111 -5.450795973275477
-5.633591130605745 -5.822077127594148
-6.267309061318912 -6.214163005532059
-6.911029624148545 -6.615541739458584
-7.552194385932805 -7.040429329171143
-8.245398254884298 -7.457990779608406
-8.869942563173593 -7.834095130693313
-9.502985989236747 -8.207094586184244
-10.14269232435534 -8.60453833249436
-10.81911824049587 -9.000458037572631
-11.450723601442354 -9.366936257824802
-11.996355980989977 -9.694061952724017
-12.66206500861692 -10.057878573619538
-13.324677564686011 -10.457062025016619
-13.921623431626383 -10.883326553586945
-14.773001664963068 -11.252754835687762
-15.536885075266726 -12.02414218575771
-16.340632105450933 -12.732543231507094
-17.266509928440673 -12.92000518188122
-17.88490547336796 -13.269513484954173
-18.45429379820959 -13.705099788633042
-18.967695184789577 -13.984208003462934
-18.407073003724758 -13.351109587957122
-17.903192046491743 -12.576697012931216
-18.21792657180362 -12.058376359806067
-18.882902886354408 -12.451370467439567
-19.515120256411574 -12.855613649198874
-20.27891562565222 -13.181190596282233
-20.891064299034667 -14.05096423258099
-21.584175090536664 -14.865516748313366
-22.409853838003002 -15.209402704673238
-23.149017204401584 -15.622186615847278
-23.630863719013956 -15.76072065929044
-24.527293045510262 -15.654138624034488
-24.97588205958231 -15.210349038548301
-25.647303723650985 -14.446225887826678
-26.133009224325733 -13.733790399241176
-26.57043422591688 -13.078465691099463
-27.054734276411338 -12.359392950689127
-27.508519411767335 -11.709235555485906
-27.91569624633347 -11.024498834831698
-28.343141799112605 -10.30703396321574
-28.813055040051108 -9.669831320665137
-29.32245643100123 -9.020680339291436
-29.849271779025727 -8.36606353046329
-30.32268514465301 -7.664775743956472
-30.67904769792535 -6.979482898869637
-31.1544036041912 -6.195655144519267
-31.61299177063436 -5.4637120460322945
-31.97269965493411 -4.862293613295497
-32.40476689314105 -4.2304137049351525
-32.85069378818211 -3.5662736848739702
-33.2677015737557 -2.902732885514193
-33.7172519761153 -2.150152404814328
-34.1166780506389 -1.4707469031403457
-34.5060671338751 -0.5746260301931989
-35.38470768812197 0.08555318347648588
-36.10941063347406 0.7496533334710259
-35.96631482654621 1.291031837284666
-35.72469266925704 2.1791019276493895
-35.241658983952306 2.852289450992962
-34.46245611236663 3.608491059675373
-33.75975269864407 4.147237374002369
-32.99915566684182 4.698819165772392
-32.225911274823666 5.1984542804898854
-31.42234242714042 5.653606516045105
-30.678649251850786 6.0337264795471315
-29.91733326949512 6.458390626999618
-29.108437794948763 6.993645152485237
-28.428180253571036 7.5330965863149775
-27.733976788416108 8.107372890451021
-27.065983604266364 8.625600696493445
-26.41682970948453 9.110318060374267
-25.713655851655563 9.629606117436424
-24.987448293091603 10.100332129603792
-24.260971722594835 10.586105424279303
-23.58518352912923 11.113778794573934
-22.806500597119182 11.6588566106199
-22.056679436929333 12.124943510994507
-21.284865582592897 12.603420243854988
-20.49609308496342 13.074734658665733
-19.698967668637813 13.55100271988663
-18.893931540986127 14.076668190633386
-18.00502443060728 14.497842146581274
-17.32050001523516 15.342191412428502
-16.879103773178063 16.091986643865003
-16.50814118209932 16.776861667509888
-15.946858714465733 17.71607835128889
-15.427298337496302 18.684549656067542
-14.676608708141734 19.48681106250109
-13.833461919562717 19.81858715819701
-13.17973690743741 20.29692664367881
-12.460996880008617 20.774886839025736
-11.690096668823186 21.231831229014546
-10.971721185880254 21.786458071881068
-10.216718063663876 22.330806898519647
-9.522839891855545 22.85246850792162
-8.5166579259284 23.224196316148767
-7.658121949775511 23.85011712897169
-6.875938452554648 24.12965990254941
-6.484011970817537 24.05596746704083
-5.734093821577198 23.58776975280526
-5.211900301963115 22.97340633553662
-4.614541118931901 22.15317862894711
-4.151597496953459 21.383360327593927
-3.9441313219511893 20.454400802983084
-3.2673198114495077 19.65671506569952
-2.535308333633059 19.4794747384601
-1.818856707326918 19.224018347697793
-0.9962921976911795 18.85735876903777
-0.13364237707649285 18.421883391520275
0.6901850194467346 17.735906784075482
0.9387608428740443 16.843819457410586
1.3587747688026135 16.104336806209663
1.72730213070266 15.439811920709404
2.1424103575610416 14.737943235876495
2.567575291857102 14.003437215154229
3.0017711961084443 13.33000787356173
3.499804537813673 12.683133955209398
3.9844420827013938 12.082969160496761
4.327514366262577 11.465552645668488
4.635131306770932 11.343686135557233
4.9141715442313805 11.76886083685332
5.487192459178196 12.633616643284926
6.232014522261932 13.209751085355125
7.023155742735047 13.78614760710614
7.5272133350132755 14.68685951973887
8.157796733819819 15.588159140318888
8.873231933829047 15.75494036628153
9.711574061912911 16.16169617541983
10.488206344545617 16.551433354976908
11.064279301704167 16.85380235660708
11.725020576235098 17.27140133419893
12.51781544849796 17.747831409088484
13.26767607027059 18.141490085592604
13.925610815127694 18.57750114324372
14.644431956691895 19.084826281331498
15.3813043242333 19.53506098003641
16.068010614809467 19.869056407201654
16.80518072811923 20.271456324804056
17.533010317725218 20.733942114952317
17.42640034219293 20.656409648772616
17.191588282440748 20.695318282691627
16.302631895988874 20.436731430579915
16.423611246046107 20.158430869989072
17.16815189384041 20.90439786445106
18.035740273774568 21.20509811736044
18.967761975912968 21.575906663038722
19.63955567226692 22.438923290137325
20.1493383874072 23.30331831912285
20.575942951844233 24.03807596526924
21.27555742461103 24.875681835344245
22.300723847856798 25.157291492888323
23.068972300252362 25.588346916006877
23.833103294574556 26.06414652093662
24.64644611769349 26.479408816911825
25.43712406082459 26.810055952567055
26.21062824266392 27.213553833918358
26.987187017546358 27.728110403056643
27.653051236380755 28.60152531563689
27.81582432347348 28.445263829879643
28.747675564986988 28.69764573540026
29.46730426491376 29.51230731536313
29.86539268862066 30.033097985789823
30.200260300125095 30.51217856557139
30.89991625729471 31.221295565844915
31.855517442526377 31.46594463824407
32.8076934344853 31.703868910329042
33.50472011198491 32.539572614039834
34.30423953457914 33.271802081222674
35.27763052296399 33.33931701937068
36.02567581720832 33.68760112154514
36.76703173283906 34.060993486922946
37.41641246629794 34.3917098232085
38.233163740141194 34.85159375481851
38.324023610719856 34.6929768727217
38.246516523366736 34.371796906084185
37.97489149565802 35.048665752495225
37.66295224150266 35.718185032018795
37.424291214383956 36.52274660279198
36.62692038867693 37.18930681136734
35.73691191213637 37.82730947726809
35.51867090646719 38.716682792663995
35.232573330067815 39.42134272128147
34.92072266041724 40.07830848244649
34.56472012006134 40.11753809963791
34.67809065871671 39.98677310213972
34.40369706067271 40.616055936675714
34.11436087740383 41.281075682512906
33.79226621644778 41.97513746872652
33.577829545787814 42.660927395932724
33.288508963170834 43.38136232977127
32.975838523650346 44.12045161344661
32.674665782366084 44.728974460460805
32.19359279901994 45.38360288122453
32.25043516632004 45.37197483671361
31.956750906976843 45.33569468741315
31.21277886554949 44.865843463938056
30.572955266418017 44.39950716080663
29.927587035603313 43.9952365977898
29.278709504860913 43.51795560368249
28.421898408768712 43.16166698245883
27.666691673216274 42.43069018825807
27.02484882499298 41.5373612856442
26.34882268416464 41.346761741749795
25.6779940637297 41.061612627406596
25.050932232644225 40.69146301443301
24.430342533492734 40.26098795082176
23.78625884892821 39.72356596659023
23.22494196990356 39.24405330120089
22.628959186529627 38.8115426832086
22.094218094346186 38.35370657647373
21.54880978539836 37.902961822387155
20.965611866834912 37.440630732442195
20.390928052144226 36.99312105705629
19.78737602173375 36.53998855359343
19.188380173049488 36.05998907650477
18.614838947818313 35.565005572763454
18.039480222317 35.066799495110764
17.523247730199593 34.51386716548262
16.97462667595755 33.95237850250055
16.46925293596376 33.48478292472983
15.95558056476219 33.03956090783175
15.316341144384696 32.60470858909581
14.724643264730124 32.22117437541445
14.179308441689553 31.750518734109793
13.486718455437337 31.241700544231353
12.867693100666454 30.767252292545233
12.290996570828465 30.199686853592233
11.739526202252618 29.632937210830054
11.162599243841814 29.02661109907735
11.128614355752033 28.685782864048026
11.335324140243614 28.46724654220443
12.127919993487815 27.74550006788499
12.259484417190528 26.78374056370555
12.432963374808798 25.912240690742514
13.205201965675405 25.131340262073138
13.997141665554047 24.42067349402229
14.248779643321862 23.371612113228657
14.835536955993968 22.66787602906735
15.432468646887774 21.989689435130348
16.016729822917174 21.310926244172922
16.557282386564328 20.62645368216906
17.139679678263445 19.96476556539506
17.736822061041295 19.303969344902864
18.330636563253947 18.552982052757756
18.92268871701611 17.82855581356297
19.51167127295243 17.147429910500882
20.169638494551684 16.463890029070075
20.72821327805553 15.77638801800005
21.1345759962448 15.172153367662956
21.221986797129183 14.250427684810862
21.059319914860332 13.75486595264424
20.35291171373166 12.941268023206652
19.68034720304742 12.424456568296607
18.899315514960584 11.834900315546665
18.1789444246021 11.177850264635348
17.5742435394143 10.573302320568242
16.97199919510572 9.95870690814362
16.26806699604829 9.412717551778705
15.59311325451315 8.904469734940953
15.04471153159277 8.356646070197716
14.395867970652674 7.733274667266263
13.755827392922189 7.102098634487483
13.09782341495047 6.387707400794847
12.341120971717237 5.753315592432246
11.666441252829125 5.138105556872774
11.112297559732747 4.543918161801075
10.54009422649272 3.8747458673553417
9.994573024163191 3.2045435990048157
9.376526831440867 2.5938436126806668
8.781316815205233 1.936455492770106
8.216589483514582 1.1871155042862305
7.8314004035635625 0.541045749226361
7.241005881526253 -0.3400079980197602
7.36151088185014 -0.23068831224102584
7.556563804138221 0.2456315002026925
