0.0 0.0
-0.8493902930499432 0.13429841575360948
-1.6691923426249917 0.3193483976800625
-2.4020391444145606 0.5620321085106661
-3.150952417525888 0.7802443085817304
-3.89544247727566 0.9478408094119106
-4.649016508568822 1.1014176173170576
-5.3997575466328795 1.2260605275122556
-6.190090263962159 1.3366871579355795
-7.027174129613696 1.4865713924003414
-7.792204722020769 1.6702204388139499
-8.495708622223187 1.8672482874810175
-9.226569501129255 2.016564595062404
-9.979988838993547 2.176642418086946
-10.68114010338923 2.4430833299741894
-11.42485865906057 2.662455918197192
-12.237697589764036 2.8413063530504092
-12.982157169568278 3.0026054971980183
-13.79102492169391 3.1546769624452144
-14.577570048815435 3.334191536685324
-15.37711976210716 3.445159200549505
-16.165858068289985 3.5187300401708135
-16.95355160439429 3.621650349224359
-17.73400355944441 3.682699654954273
-18.53750372011409 3.6939946531806793
-19.364751252095907 3.8531646705934914
-20.118042747656343 4.001480739217359
-20.85815142605106 4.13483501031213
-21.605992827798907 4.3052228687473875
-22.346466519522153 4.431547742126283
-23.0916002152609 4.541768741043353
-23.86279578969536 4.666589320249854
-24.60497489618602 4.812057547244063
-25.360187620938724 4.973913025540141
-26.080871453040885 5.117482223517654
-26.793643504221706 5.298037835257287
-27.53795029469517 5.430472875365262
-28.292226074637835 5.544475974605924
-29.012157865532068 5.682032998910954
-29.797669168500626 5.877038427459892
-30.52536776051271 6.095838904719656
-31.240554360399862 6.346179948119012
-31.951320078229156 6.534780224234777
-32.64864715445224 6.700213204523101
-33.39529797354799 6.8641788867236535
-34.15517586009793 7.144050456548431
-34.798581726769754 7.391978085107258
-35.45126461999997 7.593495223211605
-36.12556872002273 7.801161199157797
-36.816293889988714 8.000863014414346
-37.51914888653576 8.171009061717319
-38.239379921055374 8.39034057992471
-38.88513379854469 8.632936057516394
-39.59091623976389 8.944418284661788
-40.20240739082101 9.239203376591178
-40.87231724778719 9.627222053813162
-41.464099589168484 10.049615432675179
-42.04800233177914 10.505469640925138
-42.588304029579184 10.949321145474102
-43.16045272846645 11.48476181589838
-43.706653404276025 11.99079165946053
-44.227305386101804 12.594602789230585
-44.720088626366355 13.10590934383266
-45.22908062293183 13.650695235342162
-45.66308336589182 14.176974516157374
-46.07574726633922 14.795772227606516
-46.448853116498015 15.357854473323743
-46.8321324392789 16.025910336891958
-47.25018491538459 16.609274418030296
-47.65031757050232 17.246228850664625
-48.04136541854646 17.779797819475863
-48.44328014061959 18.50736640653131
-48.70591939083192 19.147513613356114
-48.875747999043966 19.941111660851895
-48.96885062123852 20.61896241876358
-49.0686998927715 21.388794421954632
-49.23069504109329 22.0860333492107
-49.26399425840365 22.828701079818273
-49.32660948947053 23.472165923262708
-49.30787764130864 24.348835259058884
-49.19003489673049 25.004008970904806
-48.9966365904544 25.77233470204144
-48.80301563444762 26.46843906461028
-48.54266257497076 27.284879998063236
-48.28122397964094 27.93197979731063
-47.92330650840924 28.657165766603246
-47.59749871063463 29.282296894549344
-47.193151780826035 29.932942980326743
-46.754232025193616 30.490639667728683
-46.239796860835 31.104927764273615
-45.76503920731023 31.747042324236514
-45.284262307291 32.41810054152907
-44.80059838617076 33.100060183582166
-44.301616959921766 33.78231541927629
-43.81428475114907 34.3996331177193
-43.27640655999602 35.064686093692515
-42.774187498955854 35.75346110999605
-42.25433494414134 36.32506257136736
-41.71716206611031 36.812588690783805
-41.13061152419627 37.367539677304556
-40.54028521146992 37.88959568671823
-39.899104424898816 38.43279022512781
-39.29859079461557 38.95410799409269
-38.709111550149615 39.45913924642549
-38.13459575360533 39.976132404011196
-37.54174359138357 40.50892198336649
-37.07756420668972 41.08358685865942
-36.61591921708584 41.6406577104468
-36.00616168941816 42.100943621158855
-35.31846454531112 42.60441611828686
-34.646039373160356 43.06817012776703
-33.9313232574607 43.545136796408656
-33.22759754711913 44.03952030748933
-32.50694401021196 44.512027503649705
-31.823023096389193 44.88155618859007
-31.048811635942286 45.26960965875949
-30.336528220051285 45.572142909666525
-29.642444851231208 45.83433943619043
-28.963824972056738 46.22812201818487
-28.294179344928292 46.63764559720194
-27.651463377298178 46.977348314770026
-26.94301103314569 47.33331591036601
-26.286514798198887 47.7131073602192
-25.63775224006829 48.068231653732504
-24.96082180788322 48.32941624439381
-24.250515852035512 48.574385158953554
-23.61120288529282 48.90671864900849
-22.96612025356934 49.25020839238287
-22.299085845949907 49.64724401134609
-21.63222795509443 50.02980327792585
-21.00562226569227 50.47047272979892
-20.391572701846062 50.87855514637439
-19.763426005059454 51.33256135503995
-19.188840034971474 51.73796452876856
-18.59800778561597 52.2119927482596
-17.939948513136287 52.66840526117823
-17.32998532995917 52.919757131941545
-16.453622996098673 53.214634715887556
-15.700407719434867 53.419032774329395
-15.025725455123528 53.604714787809336
-14.365407436953788 53.86726260341822
-13.811060400406166 54.212428510208646
-13.152333217480335 54.744606295381224
-12.656194185463466 55.16751361910131
-12.069750555632627 55.636899367010166
-11.507525458316945 56.07589757277427
-10.967576167439052 56.63922967235751
-10.46214275178396 57.14424811487868
-9.948181481856775 57.647093083980195
