0.0 0.0
-0.7824192885493484 -0.660334646819451
-1.6286489953664818 -1.0035086431904903
-2.513562356425505 -1.4757797461469195
-3.5095671291946773 -1.825465259029775
-4.27863373099635 -2.198940063275781
-4.9530187804260155 -2.5545163140948786
-5.606827263194984 -3.0107693863431266
-6.293221240593397 -3.317031108685972
-6.9230580104407995 -3.6449890439671093
-7.561428804744641 -4.003442018868259
-8.301644531505893 -4.367352586061952
-8.997406501905946 -4.676343578620114
-9.63846667280809 -4.978394008423049
-10.277085638855906 -5.28075026278137
-10.969526248065703 -5.541770860208662
-11.639762818602815 -5.812221089419369
-12.402775250778193 -6.083518995587141
-13.151200900356818 -6.432594973778769
-13.882742787145682 -6.726645768366424
-14.618784612696336 -6.902388073902992
-15.418034045176833 -7.043452706255701
-16.204274165987325 -7.298300715337894
-16.984386762049436 -7.548500612807365
-17.714774068299626 -7.8215800409037195
-18.33968522273087 -8.074887415512567
-19.342261052890933 -8.518156288794328
-18.807064575408262 -8.257603862198367
-18.238163153959317 -7.8241288027266105
-19.074494521496764 -8.006811285486066
-20.092606051807824 -8.413109702451301
-19.405011661304655 -8.121054657167493
-19.03090032447249 -8.077397258372024
-19.777396184206086 -8.24255346269276
-20.45453939852649 -8.526763088722042
-21.134985577967935 -8.79561322209247
-21.79437126490748 -9.074287923400076
-22.459248179305547 -9.365969495658996
-23.14929495597807 -9.649707260458408
-23.87257312274163 -9.886134670936569
-24.62651306399171 -10.016580171035065
-25.38923573460583 -10.147178129712131
-26.111577726769738 -10.366703745055446
-26.880634143860906 -10.609461620471864
-27.65081502130991 -10.85889333051115
-28.406154501874553 -11.08450179513558
-29.147057778166577 -11.222983181149226
-29.895364004306764 -11.357958998908321
-30.626129813086713 -11.557487496756705
-31.38002079023313 -11.788080314690074
-32.13982216433828 -12.06702765147574
-32.909802954856076 -12.356183350530292
-33.64104527911092 -12.6038617356294
-34.33801180494748 -12.83616487738588
-35.05765617654899 -13.11561438050861
-35.72886703123366 -13.356835490533244
-36.42458217159429 -13.601826482766445
-37.12850024820602 -13.907655107310708
-37.82135559821708 -14.176068482037323
-38.58093760019878 -14.427128900070429
-39.36929892110595 -14.659215980946211
-40.106083298993546 -14.884056645551043
-40.838366680592294 -15.135499025152559
-41.58586968281584 -15.405901270598
-42.317848577948205 -15.644057026476291
-42.99812301315526 -15.860098521191729
-43.70357534115218 -16.015045549115435
-44.403030608222586 -16.120926683293177
-45.09785962614007 -16.218343896914288
-45.9297428274033 -16.348842266780554
-46.71834702805867 -16.58332123360665
-47.460296653883866 -16.853570013691954
-48.43134259408345 -16.850894800728014
-47.687377329017245 -16.58439853192924
-47.48777485014998 -16.752676480724258
-48.23897495218888 -16.91054833209819
-48.97808013769928 -17.221372634646855
-49.74825865669019 -17.54977374646101
-50.52695285974413 -17.82478003146442
-51.204668230213024 -18.153714963284912
-51.923920365427506 -18.633660385700306
-52.606080973253306 -19.120884181408744
-53.35521805412871 -19.66220904645748
-53.89932967128523 -20.170900630120364
-54.43660139112995 -20.744093321362065
-55.001434772805396 -21.340437971282146
-55.57347634439179 -21.995020985383345
-56.03769127134959 -22.616486558839423
-56.467574472598926 -23.299264979099185
-56.79954327222025 -23.950453972155156
-57.235107862634166 -24.838929682439133
-56.90212804270329 -24.07833613300453
-56.8281327955722 -23.9036949393038
-57.21024457636442 -24.615731103645576
-57.46619749141026 -25.473501394097607
-57.65159647123222 -26.24191508967142
-57.8124703934339 -27.04732887006593
-57.92381144282885 -27.790868835331757
-57.989880047933404 -28.626624782880945
-57.98302491811065 -29.327118864166287
-57.77646171004365 -30.395988165825862
-57.933015858938234 -29.680289587983772
-58.08597837244573 -29.043816657724538
-58.04811136970476 -29.820529819265328
-57.84324996141273 -30.61347726652083
-57.60884712898709 -31.30749419280305
-57.227996234216484 -32.30438213137053
-57.556295562212114 -31.61892383217859
-57.75133084056353 -31.20481833188234
-57.575148282038114 -31.96273271288329
-57.23703853904143 -32.806646252335455
-57.70136130479434 -32.171094979477374
-58.07697959777525 -31.735273162622768
-57.76491494643706 -32.402224938593235
-57.25131313675368 -33.01414601322929
-56.734807004702276 -33.52821658375016
-56.146752371688464 -34.031373282718036
-55.61015085122816 -34.45549536129944
-55.00596001536067 -34.953338960528896
-54.499552737367296 -35.40535937390779
-53.906484215687776 -35.812650763227914
-53.381864551728725 -36.081566860204134
-52.69432001240253 -36.26111535181671
-52.074191222851944 -36.42067690338987
-51.39848885888232 -36.48495118919493
-50.74839568872845 -36.502557820662965
-50.002097455066476 -36.57975365360956
-49.391170340135396 -36.621347311526456
-48.666448846926436 -36.53499769665361
-48.067196752176834 -36.4371241728359
-47.473996666993905 -36.32655384034073
-46.762380714919765 -36.191924595622915
-46.07408651143758 -35.96324282650662
-45.42409482509948 -35.722404120789015
-44.7529068390073 -35.57134243551005
-44.10684418190811 -35.439703161679894
-43.449765312123 -35.29690003875389
-42.77650435909052 -35.14055183694466
-42.14162784881836 -34.86769621360213
-41.44065993525994 -34.59071143283472
-40.71492466882275 -34.46593542490297
-40.06917802168258 -34.31516070305055
-39.33691460879797 -34.164317976414154
-38.72065921951951 -33.978085472943334
-38.08482317091243 -33.701679190018666
-37.327986358475115 -33.45546936461559
-36.69023193309678 -33.15446376470103
-36.077454885574575 -32.81491992053053
-35.43640653305179 -32.525829699302115
-34.727705638042636 -32.23340138121584
-34.01960319675731 -31.927798207698554
-33.35122408698814 -31.62736591661028
-32.653506822117485 -31.41662235231637
-31.978775730449662 -31.229334870409048
-31.35301042783175 -31.066738866566787
-30.701184055537492 -30.893746747437408
-29.978216435403375 -30.689356712654416
-29.31141390576692 -30.498678438476542
-28.635318528711302 -30.32797231040202
-27.873671981109627 -30.143475088996336
-27.188158398067767 -29.86338145780202
-26.455446217334355 -29.5843563379986
-25.72440740806735 -29.52948539715876
-25.020516342468667 -29.438582187607484
-24.266908989166637 -29.236928208702054
-23.536874679707385 -29.053470468272735
-22.798572725342567 -28.81493725904091
-22.073433734245363 -28.565536949343397
-21.333328518795792 -28.302761830184966
-20.57561909095078 -28.048759173163337
-19.873296139914146 -27.878911011127546
-19.18032739154377 -27.69732854567023
-18.496192902120253 -27.42474196400375
-17.81423273748347 -27.142950861873775
-17.066998033081592 -26.914815062408714
-16.387800604430417 -26.69115922464069
-15.774661523584685 -26.519905731812848
-14.930032809081702 -26.428545305552127
-14.288196183121498 -26.376096287008448
-13.277536356424372 -26.560963680898
-12.598299869146778 -27.10108425010504
-12.179403403273197 -27.375885600961098
-11.185387869452239 -27.609772159128855
-10.428102220739799 -27.45027014632021
-9.614735692611557 -27.189832635149084
-8.817671789488594 -26.953211101912846
-8.045151438317102 -26.692181544464507
-7.278942966475721 -26.439070884632653
-6.520891959422495 -26.28162333475296
-5.763998705172803 -26.1083415684212
-5.015410481676339 -25.86610151224987
-4.284576477597323 -25.625935254320954
-3.6264009644726 -25.282236914073906
-2.860615028543641 -24.891491772613755
-2.091725327035404 -24.611810099873917
