0.0 0.0
-0.18818764052587791 1.0808577240926454
0.6565460794596077 1.677928160136763
-0.361174876489872 1.849403624027391
-1.4267203475010826 2.0231868686262287
-2.4281180271826894 2.229337631185208
-3.4409510587652874 2.555460699440868
-4.427266922409891 2.836733214214934
-5.401404224187889 3.1321754421478274
-6.407407472688242 3.3233407917675715
-7.287069578362463 3.39050306797797
-8.176439101217348 3.5483012422454374
-9.128484800761127 3.659056292806384
-9.987191741638979 3.8274816860166383
-10.924685634960014 4.060568597274872
-11.918617474881842 4.233534890081525
-12.822299598913313 4.352564893032088
-13.807640809356322 4.444259540506848
-14.769372018970833 4.4517073356312675
-15.654786728360182 4.54323308350285
-16.642890962098605 4.695801928754228
-16.691004605048857 4.804873637481029
-15.66893498523289 5.1255644348546125
-14.981479147826144 5.5986524371974955
-14.230911062468861 6.024249914266556
-13.466893904658647 6.569122504307674
-12.802562649245532 7.1386994774680295
-12.076338732402991 7.747031532788655
-11.305954681369464 8.300186242672762
-10.524820542176133 8.83987695392036
-9.702533119157586 9.37500708913518
-8.915013873817612 9.783230396678945
-7.964596467746797 10.165825565136904
-7.098070237571546 10.504258921122712
-6.208244260403298 10.785328468380118
-5.332373326316542 11.216803572465341
-4.694072607432129 11.696213458632565
-3.957271974672824 12.151685101337387
-3.0420667352936217 12.499232227646695
-2.1208259643790845 12.872588989953394
-1.3497625494069805 13.28224582550921
-0.5473115374470984 13.679417703172108
0.28050584498310493 14.059019836111359
1.133436688100098 14.503623472173858
2.0378856734595208 15.029444534529675
2.460443496735959 14.94163676822493
2.6899706002519475 14.357248665768996
2.763602814178855 13.647432590579477
2.533566045815289 12.722582044756479
2.397378251175692 11.749163513384856
2.3245538056002855 10.824435130170158
2.2126496297401608 9.945803419283711
2.034663795936604 9.076785251964548
1.832079954353088 8.224711817371928
1.6805494966303074 7.368983326691227
1.5261847734653973 6.506774592705955
1.3283066887976311 5.639740492456753
1.1347698338165828 4.797960892319264
0.9158201035476734 3.927383846246947
0.6294584869623507 3.136018073034389
0.21469123087432324 2.183554253007074
