0.0 0.0
-0.9799389174097408 -0.0567360319294045
-2.003458439092569 0.1767727512252523
-2.989139872388993 0.437853573697052
-3.9252601797520166 0.7215760442028459
-4.912648785868074 1.0093094923582533
-5.937883594948839 1.2179896640412164
-6.885586541140697 1.5201095422408497
-7.828108472924969 1.8568253292507186
-8.813399965297029 2.1705842512261944
-9.781681981503304 2.431261406196814
-10.25936653193752 2.8129749271472133
-10.577200880892617 3.547217036669797
-10.597010092711132 4.3862145204928495
-10.412301136199938 5.32535983113742
-10.224836393525926 6.2538366822447795
-10.046302988144946 7.2199082208715355
-10.16242465613717 6.137205135621931
-9.514366047788936 6.148666578648671
-9.379411565445865 7.2339401483134385
-9.183517070870058 8.190020724889534
-9.044158243053904 9.210715828314932
-8.737775124959606 10.072642609849355
-8.483716287268685 11.00402955837359
-8.289607710602885 11.944213773876765
-8.064973114745207 12.845867271930032
-7.726446520138349 13.711832955319759
-7.443225318154727 14.581448964472525
-7.276175949580214 15.622315529466988
-6.794188960313779 16.068507697797788
-5.743640424641715 16.272387966197627
-4.9001240065985545 16.205128386924613
-3.934860889259048 15.842142105103092
-3.015924750486596 15.536522745984682
-2.1267645137592988 15.217584721719135
-1.2217929815506472 14.927034312306205
-0.34679970986748776 14.696014881296238
0.5317206088213323 14.472554746745184
1.3983363504117283 14.244874935879812
2.370175038040243 14.048900317522087
3.3381764306909933 13.764682298567058
4.308057042056234 13.476075096550273
5.2644897091658835 13.262118610847269
5.823006527874103 12.870465951694081
6.318306083682758 12.268374617604007
6.401653179324612 11.562463990397116
6.154634531942597 10.502715592435369
5.921941272804781 9.550559400048344
5.582161825339432 8.570559816570766
5.263691399559802 7.604831700044127
4.987940057513812 6.660215920061912
4.728556300881344 5.70456524375981
4.47313848474198 4.779144493609813
4.178580980751782 3.86250677710414
3.799827839146049 3.0040973738079515
3.3760659785379517 2.1842396666076906
2.9357724255128295 1.303070958517487
2.5146946910928114 0.4170878502734743
2.0518984346757243 -0.43653035109548277
1.7049593219372547 -1.348072968208719
1.6484566777051104 -1.8983605793883258
2.3741059169660383 -2.704068536841133
3.119846451007147 -3.0458753237022536
4.052254180526532 -3.4002158329298453
4.89113811757513 -3.6752110001004237
5.758485096365892 -4.004878711653159
6.650171607548422 -4.298910449357457
7.484759346896241 -4.638670062411731
8.316336234951814 -4.959651973314175
9.039757773910244 -5.229208918782558
9.752786390088795 -5.652775196112339
10.5596433662961 -6.048301375477326
11.329588772192986 -6.359408790380621
