0.0 0.0
0.4540412786669915 0.8594735615201019
0.3147150667469756 0.061935121215904276
0.3862271105969388 0.12910313645974145
0.6347479392827553 1.1803975686815271
0.9060959833855575 1.5160546757766222
1.5737584984634392 1.5949366672914507
2.476015365606882 1.5280275043963476
3.4943803030119707 1.2992364857782164
4.510248800689435 1.1337343253276564
5.499506799809495 0.9323834575296656
6.46035872471901 0.6806427927885006
7.327028043045336 0.39214246376065026
8.34291140022886 0.23446423024567234
9.26055893408117 0.2327398161457593
10.24100540640427 0.22671433633495575
10.929499059208526 0.3781399955348307
11.843119935709842 0.7907415463018734
12.616887279263715 1.208560694036326
13.489348619706764 1.7627672395730714
14.1851418667185 2.4236318824549774
14.903736348516649 3.148555210972731
15.46436366780197 3.883141391601275
16.03176868848467 4.751525216043779
16.383676366030148 5.618800334466345
16.73757305324566 6.635013113023971
17.06452030868094 7.508593009107172
17.33439790735766 8.530806410364804
17.42832011386141 9.470808556596541
17.48519120728368 10.540092491703605
17.490585036672858 11.527743936553607
17.40087299029446 12.597860021770844
17.2433040973625 13.509142851210187
16.94227477188918 14.533225784750309
16.454266318128234 15.386207792840535
15.769070975689097 16.231077344460026
15.162778256545952 16.937343584015945
14.434624148304536 17.704892944785097
13.751015260954901 18.42449795841052
12.931209719754547 19.119925201332617
12.098271576081242 19.542845609329625
11.146582888255757 19.975097041935935
10.235018653230485 20.417001674514307
9.216333682575002 20.715257084053306
8.28414873042712 20.945713265758382
7.290803407483585 21.214183528424233
6.267347846740419 21.420328124061452
5.294682212841421 21.65652590931001
4.323673575788947 21.91519058493601
3.362280792337768 22.169243520885896
2.4340699259324228 22.467393313126156
1.5541208807687235 22.76980259659887
0.6764105832643579 23.139170378939387
-0.3858957605281512 23.06422942558364
-0.9245293605894994 22.84629916841156
-1.5652608095780662 22.00689255209578
-1.8889412468674907 21.085305221114098
-2.1909015089497115 20.06668819285953
-2.3583230542015445 19.16615531708166
-2.482940198871699 18.201856864020098
-2.681005169602698 17.345597724957173
-2.983231669391876 16.51908153506119
-3.111294230024656 15.533866168701536
-3.1693374865573203 14.672062272827217
-3.3665025713660937 13.97342246017499
-3.53257267846843 13.26198598990571
-3.6537389591622 12.508583448407489
-4.096705321136931 12.233648041550332
-3.529679648955365 12.805058427232744
