0.0 0.0
0.0876000043370873 -1.0878170223415464
-0.07089055825173425 -2.122956718883987
-0.20326809642318133 -3.146676672035952
-0.31137824847475554 -4.090198623891003
-0.4212117327398702 -5.083471757583109
-0.5549371371333578 -6.094539952447243
-0.661611407717306 -7.096759354213248
-0.8105881561772614 -8.072722485342462
-0.9591438542733811 -9.061344304262079
-1.2113293585242306 -9.99463519909731
-1.4413319920064551 -10.93622867557975
-1.5345672952601712 -11.936589013988858
-1.6254188825256148 -12.907317151272336
-1.7094167161406435 -13.867571893639546
-1.7647107514476235 -14.87267601305279
-1.7531620103247978 -15.76755286509907
-1.558705768001213 -16.8221599233398
-1.2128484446225771 -17.658750520899634
-0.9242791858122785 -18.565492000384214
-0.6300327555150341 -19.517774790208342
-0.5008918141138915 -20.34921327460207
-0.42863632878667174 -21.370146133366152
-0.42509347808900827 -22.36479319130985
-0.5203828095324943 -23.393934720637237
-0.5719502451199375 -24.361721500626285
-0.5989758768402971 -25.23975287554962
-0.5980604309171046 -26.2192033633805
-0.6199191516694363 -27.233457347387724
-0.8484566793497628 -27.866205065484603
-1.4361414260654728 -28.363878722070396
-2.140817634315225 -28.5422314451993
-3.155300912143332 -28.459383156897207
-4.132475246545068 -28.371458646587197
-5.086511692259271 -28.31893699351134
-6.064034381029974 -28.26274760259318
-7.105035537975426 -28.19283795499271
-7.707895370427031 -27.90741947911027
-8.194942051127818 -27.199533943815368
-8.324759612329274 -26.360637587522984
-8.161118030180033 -25.342117681937356
-8.033149887374993 -24.371733279966172
-7.916239614423889 -23.421910226904703
-7.821869579148655 -22.48211789957231
-7.818215053315815 -21.561949725940085
-7.716422382136811 -20.68881728581946
-7.523530930833561 -19.69748761741858
-7.699642265517725 -18.742906463071204
-7.6137698965928635 -19.724868779483486
-7.461083663177411 -18.663620457431662
-7.342845926905125 -17.685666757875385
-7.2366633465856 -16.656977922818676
-7.195363056372442 -15.664837481777335
-7.14338361811484 -14.664976534344277
-7.051349935062952 -13.659939430880254
-6.975033758880372 -12.61711133782831
-6.946739632320066 -11.646773280202776
-6.873996879525451 -10.656663290170162
-6.854961864588261 -9.66056658736285
-6.806151056979179 -8.735514706739595
-6.666600085058268 -7.699763893911163
-6.556598703479392 -6.641649760245867
-6.518987492908186 -5.572036991760419
-6.315437297568205 -4.539501203377035
-6.261432365877875 -3.4675178779196543
-6.201978046643969 -3.830477193839412
-5.767714693743263 -3.635708395352977
-5.801448030419968 -2.5623726467597603
-5.699789211410235 -1.5495601284780234
-5.704347052929991 -0.5220292386459158
-5.802696282085229 0.36698478069326534
-5.8525554127711175 1.303701618974084
-5.832501696942083 2.2406585616440027
-5.8885878348318705 3.223568636087036
-5.9196481293080145 4.167184237700594
-5.882407441992775 5.0744523188575394
-5.8211432743008595 6.000811454283047
-5.615798069722123 6.758198223309711
-5.266246600626171 7.626030121050177
-4.742125886795596 7.9197393164333505
-3.6839181558405762 8.074593835535962
-2.8291406924744114 8.039994783716287
-1.9033066247955444 7.845300230478145
-0.9041787251011336 7.7278802378443645
-0.012721738056467369 7.712752741282146
